634
404
867
2784
3395
3732
4942
3824
54
7500
4279
4812
3874
10472
1860
6128
4658
1746
3990
15360
3192
2618
19964
7632
17875
15626
5562
19096
26651
5250
15376
7008
26532
9486
19390
24912
11359
8816
17667
32720
1189
27132
25929
20548
28305
32614
17531
12480
1225
36800
17340
3016
24645
28728
48730
55272
47424
57072
44781
43860
53619
41726
57267
55360
650
17424
34572
61608
43056
13790
33228
4536
7957
72002
63600
16188
70917
28938
9638
11680
24381
81918
11288
4452
48450
72240
3741
64944
80990
86850
35490
65320
4743
81216
50635
27552
29488
45080
15543
9600
71811
19380
24823
34112
21315
3816
27071
45900
54718
5720
24531
17248
58873
88578
7360
104168
39312
42834
111979
29640
35332
101992
86592
29636
35625
111006
28829
23296
70692
59020
86329
90948
64771
50250
79650
50048
105353
53268
87292
6580
10152
66740
54912
8784
45095
33726
20433
64824
6854
84600
43488
16872
83691
32648
140740
22932
62643
108388
50244
139040
39928
1458
161859
98400
92730
137946
115731
117936
143819
16150
47538
130376
46537
111708
148750
84832
128325
152368
9666
160920
24073
8008
6039
177376
177785
129084
178585
134044
48762
2470
34380
93312
71217
180614
36270
156408
147159
94248
87560
66000
185925
137562
158340
103020
65805
136784
168291
71968
124355
74130
101913
16748
180411
38734
163830
101952
25172
190750
22557
26620
164203
131202
218763
23968
168525
226
71959
81852
151827
91310
195195
63800
118364
72540
24910
233640
82713
97818
197892
103920
141226
60500
179820
76860
160720
150798
94107
155496
228582
206500
196784
203868
759
121158
3825
206080
124388
19608
242683
166660
156339
45064
151751
218856
238765
101612
51531
113364
20175
71550
92411
214336
97461
218926
246675
65412
265366
167912
152055
41720
137128
269874
85466
126380
206055
106964
87822
129312
224842
204450
235128
270976
154704
261660
191455
184408
103950
3278
231426
109500
238994
157040
122412
51680
190930
88740
80741
190344
187254
117800
250666
186576
22223
294532
299880
253748
152160
265530
45617
241600
43335
75026
268090
135756
22100
66504
58533
137760
286888
38940
249574
86984
175158
301936
114570
287952
6066
86190
266793
315180
262911
229824
118335
310632
333615
87192
208894
175044
223011
65800
251316
83072
184266
48498
319145
45568
74613
349050
308022
274680
359195
297564
147741
199836
182865
326106
264974
32016
93726
304880
60473
13764
73108
369512
124875
16920
18096
275940
205418
346560
95631
232638
107240
175872
39270
15054
200853
366272
129148
52260
34799
62720
262524
349478
260700
4752
34936
208154
214263
350400
147167
338886
143065
6464
263250
67802
16280
283560
231494
159080
238791
115772
59472
284832
342375
24960
371964
130416
121929
360780
29049
303418
104058
292560
75650
336114
326655
299600
183183
152220
116370
117504
169736
279496
195750
70632
11362
216372
27218
433400
29547
302770
98789
297480
392935
16948
102363
161728
409039
323100
259325
203852
238731
434024
310765
223440
380681
203352
284121
103960
235110
385308
295394
105792
369675
52658
42497
151632
190414
114680
189342
290752
270556
205716
273600
131376
350118
354676
276862
273120
458393
157614
362733
105512
474330
35478
19967
369416
62103
356720
475779
110700
421022
471276
323730
134416
381199
417822
9980
94500
470439
306722
295261
84672
77265
278806
249444
108712
438758
267750
150745
37888
337041
397322
507790
289476
289520
342916
386655
43160
330835
317376
385451
177112
491400
491284
208692
333168
391989
79500
42480
376656
388557
84906
488455
41272
258297
171622
349272
509220
129840
460158
459378
390048
187480
90636
518556
254272
298656
165000
359803
448224
142121
78668
480630
147896
51801
487134
158197
238560
311916
7868
496566
122388
429965
194138
514269
52256
463166
91770
232968
437008
433188
457478
282325
418176
10963
564128
169647
393240
242277
216504
518287
300760
459225
341638
362179
292236
230299
104430
280725
515040
214666
339174
254660
573352
59700
1196
461230
516000
581768
282338
555966
300792
280115
266034
444931
264480
88305
603290
252343
330480
16551
582686
381915
455224
472622
72306
423396
185380
58374
177892
621754
494208
94375
115810
317262
53380
337144
98280
408257
630104
541215
367086
290195
430572
345891
632258
155277
330880
259605
167562
406376
242144
406350
304266
249095
621432
643808
231400
328104
638308
301033
527778
507625
457888
289737
291494
639230
291720
32389
64876
115362
355240
15960
222444
146740
393452
123096
424110
379115
303744
381591
400356
371250
56784
3385
308490
497028
569840
595194
581064
237001
658692
305510
463736
645780
282080
423735
68310
34550
14532
159390
138106
510825
206712
303892
602374
45435
616000
169642
264654
115292
486464
361665
192738
176043
649236
629592
430970
570222
531152
662377
184926
378235
658720
126192
258480
401921
204480
588336
709726
639132
90500
461825
518364
178115
428064
500823
419020
270470
483852
656768
125514
367500
451904
349338
717336
23648
17020
122265
312382
164946
319920
333015
145470
391428
16456
25466
385500
613567
708384
616707
704990
12835
22680
209689
138714
474375
577600
44899
610362
355558
689128
593640
246652
79768
410112
500619
408100
107940
165980
292194
679572
181350
558720
240093
102696
236037
738660
100749
524722
553581
464128
253555
747486
613073
282104
735348
767090
537880
289872
3172
473224
313230
134524
440741
333564
267665
532800
84105
630372
395879
251652
693105
44330
440622
349056
529895
119880
665831
431172
193494
687016
265690
163200
484481
167690
713349
725700
324295
501420
67486
341136
271425
342790
158784
91080
329942
117030
789450
534976
5831
245196
281395
564300
109647
434084
427051
84840
166518
762010
269760
189056
385320
673416
341341
379904
784476
595850
239982
97128
847882
781410
619020
437416
721594
332046
177813
840220
601839
106026
552320
495072
431635
174066
99705
610204
294591
627270
120198
729864
184203
589076
443625
685032
235036
290618
791100
373120
98672
833490
95364
818584
347805
817778
489624
578976
814324
279460
62370
539660
69654
410346
154835
434560
598299
316096
315549
511200
745127
782034
740460
442056
509515
448470
645784
700976
397233
741650
720601
214320
714879
850020
297375
715396
591465
110160
839966
668840
119730
191776
321204
587664
146150
237056
116802
83520
500731
648210
500878
75492
519681
39228
748000
401544
545334
697872
772797
203040
278536
81012
827011
764640
378000
928972
623126
62568
394784
455050
918666
53312
949188
29574
935900
7648
571329
555640
33565
895680
414191
762866
859959
187016
407230
536130
523147
366872
181203
399640
945754
646380
185843
27272
872625
820816
571545
834234
298595
546840
774990
739446
739216
56088
985000
358904
660303
304304
613180
506880
264597
153760
406137
470162
806945
581664
943162
461076
611388
960000
