47
1268
606
1156
3480
4074
4354
5648
3474
610
5258
1668
78
644
11250
6224
6817
5364
14212
2480
8043
6028
2231
5040
3675
22594
15228
8064
3219
23040
4712
3808
28644
10812
19670
25740
22237
7828
26598
34040
37679
7350
36808
21824
9855
32292
37788
46128
13671
47750
28254
13416
36676
16578
12760
25368
46626
10440
7847
2640
1769
40052
23247
38592
30355
41514
47503
23528
25737
41650
56658
18720
1825
62678
55200
25840
4466
36270
42028
70880
79947
68224
8549
82656
64515
62866
64641
77352
59897
81810
78715
920
47244
24816
49020
95040
33853
81144
89694
43300
63024
20094
48204
6552
96390
42082
11663
105084
92432
23430
89355
1680
104073
42294
55660
8816
14274
17228
35819
97080
363
121878
16728
6572
71250
113526
106680
24704
5547
54990
96678
120120
128345
52260
111915
96560
6987
32706
120096
33460
40185
125102
32461
26208
79460
66284
96873
101972
72563
56250
89090
55936
117657
82082
44485
47424
113511
59092
73140
25120
15456
126036
115893
152192
157905
31540
40247
1848
61685
55760
34713
6192
108298
50460
44275
74800
88854
9256
39559
109080
75839
12376
37332
28336
96385
144522
11968
168824
164808
63840
69333
180672
47671
166258
56940
163660
28171
149490
26865
167200
141504
126856
14616
95880
50020
79104
127512
118976
120384
47880
167745
65932
156342
59064
159530
49896
95046
119246
214182
46640
200668
28194
88977
153664
170325
71416
216331
56544
2061
228390
138600
192792
161469
22230
65330
178888
39816
64022
153438
204000
116162
175450
187839
13176
187915
206394
4940
46872
222606
8250
241964
174888
160655
154432
181815
239616
3341
125388
171458
193700
21663
243922
48918
197208
126140
117040
173016
88440
248825
64800
184551
212160
137865
87954
182600
224388
128528
151232
98487
135240
198948
205578
44997
259292
22515
73502
233044
40896
52309
220980
137352
33872
256375
4116
35695
225256
101871
176118
293319
5700
218526
32314
226947
304
96685
109854
114204
204204
261105
243350
85525
96720
33178
129054
194355
184228
185762
79500
236060
100800
210576
56994
197999
123444
185575
204402
168405
270928
32900
258720
254870
158364
286380
156646
313895
215376
201863
58136
248487
196180
9207
130644
213003
25800
91425
117986
273436
124236
278851
40950
268866
315744
105547
339132
281160
215024
194565
54058
53491
175680
259198
208150
163713
191828
348940
249978
179830
306544
163836
229030
83846
189720
311082
238612
113250
167320
115362
169722
375589
196460
268605
308656
202224
341760
243320
32810
207432
60528
252461
242970
136850
303408
173313
312836
205400
159984
67490
386060
104937
247200
310775
152760
324818
241592
28755
135604
381766
388416
328427
196800
242079
95996
342790
74106
174300
49088
314418
109516
248886
231000
221446
381488
144666
2120
7650
356988
108885
336836
290004
398610
332301
290304
149385
391902
420645
109872
263074
220314
280521
82720
315756
104312
231246
60828
400055
227014
73308
309568
57472
94050
439725
419908
388674
117586
347165
453720
375654
186406
251991
230460
410751
333564
40281
259376
118110
411944
384808
114660
76447
17390
396582
330872
92708
278712
469300
327012
158841
21510
22992
350400
82251
276668
261786
441408
297790
121986
296583
136640
161859
224420
50082
19188
255867
234156
481140
468224
165004
66732
44411
80000
334668
39156
446161
332640
329260
98670
415740
6096
44792
266730
274407
448512
188271
239524
434145
183180
401192
8288
337350
86840
144317
255258
95709
327500
21000
365570
298282
73920
205252
307930
149211
76608
366704
440550
32100
478112
26850
29590
79772
108000
11361
124660
108057
399840
268685
170352
159177
348528
86742
472450
38019
396888
136038
382260
98790
438684
426105
390600
238693
198240
151470
152864
220696
363216
399455
254700
91854
48848
14794
281580
35402
563420
38391
557354
393875
334080
128671
387260
345084
512140
22078
570360
133507
113296
211185
533846
245366
243432
193781
66670
53781
191808
240758
114048
239190
65560
259098
529230
84459
346800
341969
387086
177282
197508
454355
132108
44311
24928
61509
444080
4277
593028
137925
524356
586710
402864
167207
580302
378209
363940
95013
342722
306516
133536
538750
328650
184965
46472
413253
124740
622166
583968
355113
355040
467995
214968
594958
252648
403209
474240
96150
248454
51440
49588
310245
206074
610121
130248
551001
549900
466767
74980
224632
108564
620940
472976
90666
550746
444166
198000
462039
81426
424320
380472
337155
434898
577622
177688
62217
584910
189893
286272
374188
594468
146475
613132
62284
551892
109319
277440
520284
515592
614700
545148
336335
669536
201291
466464
287313
539580
271563
615188
639639
344918
271745
319464
331075
607260
246048
245700
253762
387504
300884
677248
1410
683408
349965
652776
504808
353580
329193
312568
558279
551208
311025
103820
403671
710102
296947
388800
684229
533558
494532
86880
68150
207636
725546
134680
368874
628530
399126
316224
480115
602614
390285
175168
622028
240588
580854
231620
439413
152110
647153
481368
742765
637830
432513
341836
507073
407250
404789
182736
304965
196794
406190
284256
476910
357018
292215
728840
754912
326898
271628
385056
748935
353126
618969
536064
340667
308000
340782
37828
75754
134676
414625
51216
18648
682306
171380
143520
494373
441830
353916
27440
445095
66024
358085
576816
625677
6320
691334
674784
275171
764622
335490
355016
749180
327180
491385
79200
237897
349672
692989
52260
708400
195052
304239
414504
220857
201690
743687
721056
493491
652828
607990
251328
432193
752560
144144
295200
233164
670752
809009
103000
525525
512120
590478
306360
547969
743680
415500
26624
19159
137610
351535
129580
185814
360340
375033
440160
18502
28628
433302
689548
795990
692874
791945
14416
25470
646000
50209
682452
769406
274988
88920
457104
557907
695838
455270
184900
325458
756836
201942
622080
267285
114312
775965
729988
508365
265350
742963
486576
689670
166934
658000
265428
405174
831466
113391
590480
521552
284886
839733
688636
849600
317188
826684
603840
325374
3560
351054
150748
493829
299490
596070
94080
354315
898000
548390
73800
373915
358996
857850
304648
329420
611550
118817
470344
822645
291200
204064
610128
416328
727544
368745
410368
258594
104652
913486
471040
842715
667528
471653
191268
903725
462074
651681
314592
248043
196230
249508
395168
104496
882630
382415
101088
867662
859208
294846
65800
569305
162966
446039
457840
630315
537328
783169
821916
414713
774250
752241
223720
886290
557136
310375
746636
617265
875612
697193
124800
199888
334776
910998
26992
641725
727398
55119
247808
122094
87300
676787
78732
541961
40908
780000
568032
726888
598536
805717
211680
290376
795420
965306
647472
409760
472294
953442
55328
985044
30690
591627
925536
427983
887642
552225
538836
377863
186626
411588
974000
